Palabra              Idf                 
implac              : 0.6020599913279623  
franci              : 0.6020599913279623  
verdader            : 0.6020599913279623  
despreocupacion     : 0.6020599913279623  
ofrezc              : 0.6020599913279623  
casi                : 0.6020599913279623  
resist              : 0.6020599913279623  
parcel              : 0.6020599913279623  
bastari             : 0.6020599913279623  
nutricion           : 0.6020599913279623  
