Palabra              Idf                 
dl                  : 0.47712125471966244 
respect             : 0.47712125471966244 
integr              : 0.47712125471966244 
cient               : 0.47712125471966244 
desmotiv            : 0.47712125471966244 
retroaliment        : 0.47712125471966244 
retom               : 0.47712125471966244 
engañ               : 0.47712125471966244 
z                   : 0.47712125471966244 
daniel              : 0.47712125471966244 
